{
  "asset": {
    "version": "2.0",
    "generator": "THREE.GLTFExporter"
  },
  "scenes": [
    {
      "nodes": [
        0
      ]
    }
  ],
  "scene": 0,
  "nodes": [
    {
      "children": [
        66
      ],
      "matrix": [
        0.01,
        0,
        0,
        0,
        0,
        0.01,
        0,
        0,
        0,
        0,
        0.01,
        0,
        0,
        0,
        0,
        1
      ]
    },
    {
      "matrix": [
        0.5000000000000003,
        0,
        -0.8660254037844384,
        0,
        0,
        1,
        0,
        0,
        0.8660254037844384,
        0,
        0.5000000000000003,
        0,
        -223.20072731736335,
        -50.199999999999925,
        -128.86500000000004,
        1
      ],
      "name": "Grey",
      "mesh": 0
    },
    {
      "matrix": [
        0.5000000000000003,
        0,
        -0.8660254037844384,
        0,
        0,
        1,
        0,
        0,
        0.8660254037844384,
        0,
        0.5000000000000003,
        0,
        223.20072731736335,
        -50.199999999999925,
        128.86500000000004,
        1
      ],
      "name": "Grey",
      "mesh": 1
    },
    {
      "matrix": [
        -0.4999999999999997,
        1.4625185727586233e-16,
        -0.8660254037844389,
        0,
        8.898791557299652e-17,
        1.0000000000000002,
        1.7301105255596823e-16,
        0,
        0.8660254037844388,
        -1.8315844853684702e-17,
        -0.4999999999999999,
        0,
        -223.20072731736352,
        -50.19999999999995,
        128.86500000000007,
        1.0000000000000004
      ],
      "name": "Grey",
      "mesh": 2
    },
    {
      "matrix": [
        -0.4999999999999997,
        1.4625185727586233e-16,
        -0.8660254037844389,
        0,
        8.898791557299652e-17,
        1.0000000000000002,
        1.7301105255596823e-16,
        0,
        0.8660254037844388,
        -1.8315844853684702e-17,
        -0.4999999999999999,
        0,
        223.20072731736352,
        -50.20000000000001,
        -128.86500000000004,
        1.0000000000000004
      ],
      "name": "Grey",
      "mesh": 3
    },
    {
      "matrix": [
        1,
        0,
        0,
        0,
        0,
        1,
        0,
        0,
        0,
        0,
        1,
        0,
        0,
        -50.19999999999993,
        -257.73,
        1
      ],
      "name": "Grey",
      "mesh": 4
    },
    {
      "matrix": [
        1,
        0,
        0,
        0,
        0,
        1,
        0,
        0,
        0,
        0,
        1,
        0,
        0,
        -50.19999999999993,
        257.73,
        1
      ],
      "name": "Grey",
      "mesh": 5
    },
    {
      "matrix": [
        1,
        0,
        0,
        0,
        0,
        1,
        0,
        0,
        0,
        0,
        1,
        0,
        -147.98901011643616,
        -3.9906896825053195,
        -248.59,
        1
      ],
      "name": "Grey",
      "mesh": 6
    },
    {
      "matrix": [
        1,
        0,
        0,
        0,
        0,
        1,
        0,
        0,
        0,
        0,
        1,
        0,
        146.8550245149048,
        -3.9906896825053195,
        -248.59,
        1
      ],
      "name": "Grey",
      "mesh": 7
    },
    {
      "matrix": [
        1,
        0,
        0,
        0,
        0,
        1,
        0,
        0,
        0,
        0,
        1,
        0,
        -147.98901011643616,
        -3.9906896825053195,
        248.59,
        1
      ],
      "name": "Grey",
      "mesh": 8
    },
    {
      "matrix": [
        1,
        0,
        0,
        0,
        0,
        1,
        0,
        0,
        0,
        0,
        1,
        0,
        -287.85,
        -3.9906896825053195,
        0,
        1
      ],
      "name": "Grey",
      "mesh": 9
    },
    {
      "matrix": [
        1,
        0,
        0,
        0,
        0,
        1,
        0,
        0,
        0,
        0,
        1,
        0,
        287.85403949317276,
        -3.9906896825053195,
        0,
        1
      ],
      "name": "Grey",
      "mesh": 10
    },
    {
      "matrix": [
        1.3877787807814452e-16,
        -0.9999999999999997,
        5.551115123125781e-17,
        0,
        -0.49999999999999956,
        -1.3233717434199878e-16,
        -0.8660254037844384,
        0,
        1.0981204033832566,
        1.5492164042711475e-16,
        -0.6340001104959435,
        0,
        -213.95691779051006,
        139.40667304881356,
        122.36075966858368,
        0.9999999999999998
      ],
      "name": "Grey",
      "mesh": 11
    },
    {
      "matrix": [
        -5.974124835248251e-17,
        -0.9999999999999998,
        1.453819036801922e-17,
        0,
        -0.49999999999999967,
        -2.2034897101682964e-16,
        -0.8660254037844384,
        0,
        1.098120403383257,
        2.8023279549791787e-16,
        -0.6340001104959437,
        0,
        213.58667203852028,
        139.40667304881364,
        -124.48164700950579,
        0.9999999999999999
      ],
      "name": "Grey",
      "mesh": 12
    },
    {
      "matrix": [
        2.775557561562891e-16,
        -0.9999999999999998,
        -1.1102230246251565e-16,
        0,
        0.5,
        2.0630754609929965e-16,
        -0.8660254037844385,
        0,
        0.8660254037844383,
        -5.5012961063496324e-17,
        0.5000000000000002,
        0,
        219.42793566038145,
        137.16158466794136,
        121.6366035088673,
        1
      ],
      "name": "Grey",
      "mesh": 13
    },
    {
      "matrix": [
        2.220446049250313e-16,
        -0.9999999999999999,
        -1.1102230246251565e-16,
        0,
        0.5000000000000001,
        2.220446049250313e-16,
        -0.8660254037844385,
        0,
        0.8660254037844385,
        0,
        0.5000000000000002,
        0,
        -221.242609199068,
        137.57832461684654,
        -126.40361715849664,
        1
      ],
      "name": "Grey",
      "mesh": 14
    },
    {
      "matrix": [
        2.220446049250313e-16,
        -1,
        0,
        0,
        1,
        2.220446049250313e-16,
        0,
        0,
        0,
        0,
        1,
        0,
        -2.1316282072803006e-14,
        140.26599503351457,
        -248.59,
        1
      ],
      "name": "Grey",
      "mesh": 15
    },
    {
      "matrix": [
        2.220446049250313e-16,
        -1,
        0,
        0,
        1,
        2.220446049250313e-16,
        0,
        0,
        0,
        0,
        1,
        0,
        -2.842170943040401e-14,
        140.26599503351457,
        248.59,
        1
      ],
      "name": "Grey",
      "mesh": 16
    },
    {
      "matrix": [
        1,
        0,
        0,
        0,
        0,
        1,
        0,
        0,
        0,
        0,
        1,
        0,
        146.8550245149048,
        -3.9906896825053195,
        248.59,
        1
      ],
      "name": "Grey",
      "mesh": 17
    },
    {
      "matrix": [
        -0.2999999999999999,
        -1.053021153986096e-16,
        0.5196152422706632,
        0,
        -2.555213692667699e-16,
        0.9999999999999997,
        -1.64071560422446e-17,
        0,
        -0.8660254037844386,
        -2.257730329800951e-16,
        -0.49999999999999956,
        0,
        -89.92425065639307,
        203.25554492459202,
        -49.71435969632137,
        1
      ],
      "name": "Brick",
      "mesh": 18
    },
    {
      "matrix": [
        -0.6000000000000001,
        1.0189071224264803e-16,
        6.336493804470446e-17,
        0,
        2.6399756303718883e-16,
        1.0000000000000004,
        1.2246467991473537e-16,
        0,
        -2.6704080034556333e-16,
        1.1442377452219704e-17,
        -1,
        0,
        0.6301855224322376,
        203.25554492459153,
        -102.75489860348068,
        0.9999999999999998
      ],
      "name": "Brick",
      "mesh": 19
    },
    {
      "matrix": [
        -0.29999999999999993,
        7.942444168082867e-17,
        -0.5196152422706635,
        0,
        -1.053011137364059e-16,
        1.0000000000000002,
        1.1749990132471048e-16,
        0,
        0.866025403784439,
        5.721188726109821e-18,
        -0.5000000000000001,
        0,
        88.9424691248794,
        203.25554492459204,
        -50.86533767573144,
        1.0000000000000002
      ],
      "name": "Brick",
      "mesh": 20
    },
    {
      "matrix": [
        0.30000000000000004,
        0,
        0.5196152422706631,
        0,
        0,
        0.9999999999999999,
        0,
        0,
        -0.8660254037844385,
        0,
        0.5000000000000002,
        0,
        -91.05459296732774,
        203.25554492459185,
        53.287326187646755,
        0.9999999999999999
      ],
      "name": "Brick",
      "mesh": 21
    },
    {
      "matrix": [
        0.30000000000000016,
        0,
        -0.5196152422706631,
        0,
        0,
        1,
        0,
        0,
        0.8660254037844385,
        0,
        0.5000000000000002,
        0,
        89.7140526730625,
        203.25554492459202,
        53.16888685397612,
        1
      ],
      "name": "Brick",
      "mesh": 22
    },
    {
      "matrix": [
        0.6,
        0,
        0,
        0,
        0,
        1,
        0,
        0,
        0,
        0,
        1,
        0,
        -0.5690101164361749,
        203.25554492459202,
        106.27752601806748,
        1
      ],
      "name": "Brick",
      "mesh": 23
    },
    {
      "matrix": [
        -0.39999999999999986,
        -1.8996430450540233e-16,
        0.6928203230275511,
        0,
        -2.2776579365114106e-16,
        0.9999999999999998,
        -1.6407156042244617e-17,
        0,
        -0.8660254037844386,
        -2.2205449094426074e-16,
        -0.4999999999999997,
        0,
        -133.2861814536355,
        181.90244352874294,
        -78.02705594058506,
        1
      ],
      "name": "Brick",
      "mesh": 24
    },
    {
      "matrix": [
        -0.8,
        1.536434450388155e-16,
        1.421839880043495e-16,
        0,
        2.8386884487334446e-16,
        1.0000000000000004,
        1.2246467991473535e-16,
        0,
        -1.8490670893029118e-16,
        6.695352868347749e-17,
        -0.9999999999999999,
        0,
        0.6301855224322429,
        181.9024435287428,
        -154.47656805045096,
        0.9999999999999998
      ],
      "name": "Brick",
      "mesh": 25
    },
    {
      "matrix": [
        -0.3999999999999999,
        1.9312288900761406e-16,
        -0.6928203230275515,
        0,
        5.7211887261097894e-18,
        1,
        1.1749990132471046e-16,
        0,
        0.8660254037844393,
        2.609656926673928e-16,
        -0.5000000000000002,
        0,
        134.96587917597586,
        181.90244352874302,
        -77.43696585775646,
        1.0000000000000004
      ],
      "name": "Brick",
      "mesh": 26
    },
    {
      "matrix": [
        0.4000000000000002,
        0,
        0.6928203230275509,
        0,
        0,
        1,
        0,
        0,
        -0.8660254037844385,
        0,
        0.5000000000000002,
        0,
        -134.59210619553835,
        181.90244352874294,
        78.42372116980107,
        1
      ],
      "name": "Brick",
      "mesh": 27
    },
    {
      "matrix": [
        0.40000000000000024,
        0,
        -0.6928203230275508,
        0,
        0,
        1,
        0,
        0,
        0.8660254037844385,
        0,
        0.5000000000000002,
        0,
        136.88160404778216,
        181.90244352874294,
        80.40108533718598,
        1
      ],
      "name": "Brick",
      "mesh": 28
    },
    {
      "matrix": [
        0.8,
        0,
        0,
        0,
        0,
        1,
        0,
        0,
        0,
        0,
        1,
        0,
        -0.5690101164361749,
        181.90244352874294,
        155.81299526422714,
        1
      ],
      "name": "Brick",
      "mesh": 29
    },
    {
      "matrix": [
        -0.4999999999999997,
        -2.3844240113913312e-17,
        0.8660254037844387,
        0,
        -2.277657936511411e-16,
        1,
        -1.8294060973601809e-16,
        0,
        -0.8660254037844386,
        -1.8513604989217473e-16,
        -0.49999999999999967,
        0,
        -178.08012970513138,
        159.8035672866245,
        -103.88885402165236,
        1
      ],
      "name": "Brick",
      "mesh": 30
    },
    {
      "matrix": [
        -1,
        2.808401562002631e-16,
        5.009707884324956e-17,
        0,
        2.2161371760800136e-16,
        1.0000000000000004,
        1.2246467991473535e-16,
        0,
        -1.9391335390314292e-16,
        1.144237745221974e-17,
        -1,
        0,
        0.6301855224322375,
        159.8035672866245,
        -207.68511481536194,
        1
      ],
      "name": "Brick",
      "mesh": 31
    },
    {
      "matrix": [
        -0.49999999999999983,
        2.765962709468151e-16,
        -0.866025403784439,
        0,
        -4.978996250514802e-17,
        1.0000000000000002,
        1.7301105255596828e-16,
        0,
        0.866025403784439,
        8.898791557299654e-17,
        -0.5,
        0,
        178.69901011643614,
        159.8035672866246,
        -102.68630077873635,
        1.0000000000000004
      ],
      "name": "Brick",
      "mesh": 32
    },
    {
      "matrix": [
        0.5000000000000001,
        0,
        0.8660254037844386,
        0,
        0,
        1,
        0,
        0,
        -0.8660254037844386,
        0,
        0.5000000000000001,
        0,
        -178.69901011643614,
        159.8035672866245,
        103.88885402165242,
        1
      ],
      "name": "Brick",
      "mesh": 33
    },
    {
      "matrix": [
        0.5000000000000002,
        0,
        -0.8660254037844385,
        0,
        0,
        1,
        0,
        0,
        0.8660254037844385,
        0,
        0.5000000000000002,
        0,
        177.56361276570328,
        159.8035672866245,
        103.88885402165243,
        1
      ],
      "name": "Brick",
      "mesh": 34
    },
    {
      "matrix": [
        0.5000000000000001,
        -1.0605752387249064e-16,
        -0.8660254037844386,
        0,
        1.8488927466117464e-32,
        -1,
        1.224646799147353e-16,
        0,
        -0.8660254037844386,
        -6.123233995736767e-17,
        -0.5000000000000002,
        0,
        -140.01641553530527,
        193.76612726759782,
        -231.870661558746,
        1
      ],
      "name": "Brick",
      "mesh": 35
    },
    {
      "matrix": [
        0.5000000000000001,
        1.0605752387249064e-16,
        0.8660254037844386,
        0,
        -2.528708283335192e-32,
        -1,
        1.224646799147353e-16,
        0,
        0.8660254037844386,
        -6.123233995736767e-17,
        -0.5000000000000002,
        0,
        137.53902943054285,
        193.76612726759782,
        -231.87066155874612,
        1
      ],
      "name": "Brick",
      "mesh": 36
    },
    {
      "matrix": [
        1,
        0,
        0,
        0,
        0,
        -1,
        1.2246467991473532e-16,
        0,
        0,
        -1.2246467991473532e-16,
        -1,
        0,
        -149.3179924738036,
        193.76612726759782,
        -225.78245769243915,
        1
      ],
      "name": "Brick",
      "mesh": 37
    },
    {
      "matrix": [
        1,
        0,
        0,
        0,
        0,
        -1,
        1.2246467991473532e-16,
        0,
        0,
        -1.2246467991473532e-16,
        -1,
        0,
        146.84358446469471,
        193.76612726759782,
        -225.78245769243915,
        1
      ],
      "name": "Brick",
      "mesh": 38
    },
    {
      "matrix": [
        -0.5000000000000002,
        -6.123233995736765e-17,
        0.8660254037844386,
        0,
        -6.123233995736767e-17,
        -1,
        -1.0605752387249072e-16,
        0,
        0.8660254037844386,
        -1.0605752387249072e-16,
        0.5000000000000001,
        0,
        260.1863598918417,
        193.76612726759782,
        -8.465272963102962,
        1
      ],
      "name": "Brick",
      "mesh": 39
    },
    {
      "matrix": [
        0.4999999999999998,
        -5.70441391301652e-17,
        0.8660254037844387,
        0,
        -2.406472011234327e-16,
        -1,
        -2.0563744888278693e-16,
        0,
        0.8660254037844388,
        -2.0595356869447235e-17,
        -0.4999999999999997,
        0,
        260.0364609062712,
        193.76612726759782,
        3.4611707437380232,
        1
      ],
      "name": "Brick",
      "mesh": 40
    },
    {
      "matrix": [
        0.5000000000000001,
        0,
        0.8660254037844386,
        0,
        0,
        1,
        0,
        0,
        -0.8660254037844386,
        0,
        0.5000000000000001,
        0,
        -263.67776094253463,
        193.76612726759782,
        -8.465272963102962,
        1
      ],
      "name": "Brick",
      "mesh": 41
    },
    {
      "matrix": [
        -0.4999999999999998,
        -1.6407156042244617e-17,
        0.8660254037844388,
        0,
        -6.123233995736764e-17,
        1,
        -1.6407156042244617e-17,
        0,
        -0.8660254037844388,
        -6.123233995736764e-17,
        -0.4999999999999998,
        0,
        -263.52786195696416,
        193.76612726759782,
        3.4611707437380375,
        1
      ],
      "name": "Brick",
      "mesh": 42
    },
    {
      "matrix": [
        0.5000000000000001,
        0,
        0.8660254037844386,
        0,
        0,
        1,
        0,
        0,
        -0.8660254037844386,
        0,
        0.5000000000000001,
        0,
        -138.78,
        193.76612726759785,
        238.43889060989983,
        1
      ],
      "name": "Brick",
      "mesh": 43
    },
    {
      "matrix": [
        0.7071067811865475,
        0,
        -0.7071067811865476,
        0,
        0,
        1,
        0,
        0,
        0.7071067811865476,
        0,
        0.7071067811865475,
        0,
        281.5419170745465,
        230.40256070037145,
        -0.4920986226650257,
        1
      ],
      "name": "Brick",
      "mesh": 44
    },
    {
      "matrix": [
        0.7071067811865475,
        0,
        0.7071067811865476,
        0,
        0,
        1,
        0,
        0,
        -0.7071067811865476,
        0,
        0.7071067811865475,
        0,
        -286.5947176885096,
        230.40256070037145,
        -1.6273113237979544,
        1
      ],
      "name": "Brick",
      "mesh": 45
    },
    {
      "matrix": [
        0.9659258262890683,
        0,
        0.2588190451025207,
        0,
        0,
        1,
        0,
        0,
        -0.2588190451025207,
        0,
        0.9659258262890683,
        0,
        -154.14999999999998,
        230.40256070037145,
        -247.29265267450359,
        1
      ],
      "name": "Brick",
      "mesh": 46
    },
    {
      "matrix": [
        0.9659258262890683,
        0,
        -0.25881904510252074,
        0,
        0,
        1,
        0,
        0,
        0.25881904510252074,
        0,
        0.9659258262890683,
        0,
        154.14999999999998,
        230.40256070037145,
        -247.29265267450359,
        1
      ],
      "name": "Brick",
      "mesh": 47
    },
    {
      "matrix": [
        0.9659258262890683,
        0,
        -0.25881904510252074,
        0,
        0,
        1,
        0,
        0,
        0.25881904510252074,
        0,
        0.9659258262890683,
        0,
        -154.15,
        230.40256070037145,
        254.07899843145674,
        1
      ],
      "name": "Brick",
      "mesh": 48
    },
    {
      "matrix": [
        0.9659258262890683,
        0,
        0.2588190451025208,
        0,
        0,
        1,
        0,
        0,
        -0.2588190451025208,
        0,
        0.9659258262890683,
        0,
        154.15,
        230.40256070037148,
        254.07899843145677,
        1
      ],
      "name": "Brick",
      "mesh": 49
    },
    {
      "matrix": [
        0.5000000000000001,
        0,
        -0.8660254037844386,
        0,
        0,
        1,
        0,
        0,
        0.8660254037844386,
        0,
        0.5000000000000001,
        0,
        138.77544496584815,
        193.76612726759782,
        238.43889060989986,
        1
      ],
      "name": "Brick",
      "mesh": 50
    },
    {
      "matrix": [
        1,
        0,
        0,
        0,
        0,
        1,
        0,
        0,
        0,
        0,
        1,
        0,
        -148.0815769384983,
        193.76612726759782,
        232.35068674359292,
        1
      ],
      "name": "Brick",
      "mesh": 51
    },
    {
      "matrix": [
        1,
        0,
        0,
        0,
        0,
        1,
        0,
        0,
        0,
        0,
        1,
        0,
        148.08,
        193.76612726759782,
        232.35068674359292,
        1
      ],
      "name": "Brick",
      "mesh": 52
    },
    {
      "matrix": [
        1,
        0,
        0,
        0,
        0,
        1,
        0,
        0,
        0,
        0,
        1,
        0,
        -148.0815769384983,
        193.76612726759782,
        232.35068674359292,
        1
      ],
      "name": "Brick",
      "mesh": 53
    },
    {
      "matrix": [
        1,
        0,
        0,
        0,
        0,
        1,
        0,
        0,
        0,
        0,
        1,
        0,
        -0.5690101164361749,
        159.8035672866245,
        208.25256254980042,
        1
      ],
      "name": "Brick",
      "mesh": 54
    },
    {
      "matrix": [
        -0.49999999999999967,
        2.4229827045675796e-17,
        0.8660254037844387,
        0,
        2.2034386889519105e-17,
        1,
        3.9103995189013204e-17,
        0,
        -0.8660254037844388,
        -2.1289162550780364e-16,
        -0.49999999999999983,
        0,
        -178.08012970513147,
        6.817113721005088e-14,
        -103.88885402165239,
        1
      ],
      "name": "Light-Brown",
      "mesh": 55
    },
    {
      "matrix": [
        -1,
        2.253290049690045e-16,
        5.009707884324877e-17,
        0,
        1.8597384821289832e-16,
        1.0000000000000002,
        1.2246467991473532e-16,
        0,
        -1.1177926248787158e-16,
        6.695352868347756e-17,
        -1,
        0,
        0.6301855224322398,
        4.5249755435387375e-14,
        -207.68511481536194,
        1
      ],
      "name": "Light-Brown",
      "mesh": 56
    },
    {
      "matrix": [
        -0.4999999999999997,
        1.4625185727586233e-16,
        -0.8660254037844389,
        0,
        8.898791557299652e-17,
        1.0000000000000002,
        1.7301105255596823e-16,
        0,
        0.8660254037844388,
        -1.8315844853684702e-17,
        -0.4999999999999999,
        0,
        178.69901011643617,
        5.469391014447157e-14,
        -102.68630077873635,
        1.0000000000000004
      ],
      "name": "Light-Brown",
      "mesh": 57
    },
    {
      "matrix": [
        0.5000000000000001,
        0,
        0.8660254037844386,
        0,
        0,
        1,
        0,
        0,
        -0.8660254037844386,
        0,
        0.5000000000000001,
        0,
        -178.69901011643614,
        5.684341886080802e-14,
        103.8888540216524,
        1
      ],
      "name": "Light-Brown",
      "mesh": 58
    },
    {
      "matrix": [
        0.5000000000000001,
        0,
        -0.8660254037844386,
        0,
        0,
        1,
        0,
        0,
        0.8660254037844386,
        0,
        0.5000000000000001,
        0,
        177.56361276570328,
        5.684341886080802e-14,
        103.88885402165242,
        1
      ],
      "name": "Light-Brown",
      "mesh": 59
    },
    {
      "matrix": [
        1,
        0,
        0,
        0,
        0,
        1,
        0,
        0,
        0,
        0,
        1,
        0,
        -0.5690101164361749,
        5.684341886080802e-14,
        208.25256254980042,
        1
      ],
      "name": "Light-Brown",
      "mesh": 60
    },
    {
      "matrix": [
        1,
        0,
        0,
        0,
        0,
        1,
        0,
        0,
        0,
        0,
        1,
        0,
        0,
        179.99999999999994,
        0,
        1
      ],
      "name": "Tower",
      "children": [
        1,
        2,
        3,
        4,
        5,
        6,
        7,
        8,
        9,
        10,
        11,
        12,
        13,
        14,
        15,
        16,
        17,
        18,
        19,
        20,
        21,
        22,
        23,
        24,
        25,
        26,
        27,
        28,
        29,
        30,
        31,
        32,
        33,
        34,
        35,
        36,
        37,
        38,
        39,
        40,
        41,
        42,
        43,
        44,
        45,
        46,
        47,
        48,
        49,
        50,
        51,
        52,
        53,
        54,
        55,
        56,
        57,
        58,
        59,
        60,
        61
      ]
    },
    {
      "matrix": [
        0.29140460812392094,
        -0.50632025714938,
        -0.8116176141289256,
        0,
        -0.8667061723364603,
        -0.4988190161109357,
        0,
        0,
        -0.4048502997380958,
        0.7034339957425314,
        -0.5841890519649185,
        0,
        0,
        0,
        0,
        1
      ],
      "name": "Directional Light",
      "extensions": {
        "KHR_lights_punctual": {
          "light": 0
        }
      }
    },
    {
      "matrix": [
        0.8614798380960762,
        2.614573157977418e-8,
        -0.5077917767687437,
        0,
        -0.31477706723449866,
        0.7846856010578784,
        -0.5340261280458889,
        0,
        0.3984568816035258,
        0.6198939485851072,
        0.67599083278574,
        0,
        460.91610535756365,
        1046.2911666677596,
        675.2962217460275,
        1
      ],
      "camera": 0
    },
    {
      "matrix": [
        1,
        0,
        0,
        0,
        0,
        1,
        0,
        0,
        0,
        0,
        1,
        0,
        0,
        1,
        0,
        1
      ],
      "name": "Default Ambient Light"
    },
    {
      "name": "Scene 1",
      "children": [
        62,
        63,
        64,
        65
      ]
    }
  ],
  "bufferViews": [
    {
      "buffer": 0,
      "byteOffset": 0,
      "byteLength": 7200,
      "target": 34962,
      "byteStride": 12
    },
    {
      "buffer": 0,
      "byteOffset": 7200,
      "byteLength": 7200,
      "target": 34962,
      "byteStride": 12
    },
    {
      "buffer": 0,
      "byteOffset": 14400,
      "byteLength": 4800,
      "target": 34962,
      "byteStride": 8
    },
    {
      "buffer": 0,
      "byteOffset": 19200,
      "byteLength": 4296,
      "target": 34963
    },
    {
      "buffer": 0,
      "byteOffset": 23496,
      "byteLength": 7200,
      "target": 34962,
      "byteStride": 12
    },
    {
      "buffer": 0,
      "byteOffset": 30696,
      "byteLength": 7200,
      "target": 34962,
      "byteStride": 12
    },
    {
      "buffer": 0,
      "byteOffset": 37896,
      "byteLength": 4800,
      "target": 34962,
      "byteStride": 8
    },
    {
      "buffer": 0,
      "byteOffset": 42696,
      "byteLength": 4296,
      "target": 34963
    },
    {
      "buffer": 0,
      "byteOffset": 46992,
      "byteLength": 7200,
      "target": 34962,
      "byteStride": 12
    },
    {
      "buffer": 0,
      "byteOffset": 54192,
      "byteLength": 7200,
      "target": 34962,
      "byteStride": 12
    },
    {
      "buffer": 0,
      "byteOffset": 61392,
      "byteLength": 4800,
      "target": 34962,
      "byteStride": 8
    },
    {
      "buffer": 0,
      "byteOffset": 66192,
      "byteLength": 4296,
      "target": 34963
    },
    {
      "buffer": 0,
      "byteOffset": 70488,
      "byteLength": 7200,
      "target": 34962,
      "byteStride": 12
    },
    {
      "buffer": 0,
      "byteOffset": 77688,
      "byteLength": 7200,
      "target": 34962,
      "byteStride": 12
    },
    {
      "buffer": 0,
      "byteOffset": 84888,
      "byteLength": 4800,
      "target": 34962,
      "byteStride": 8
    },
    {
      "buffer": 0,
      "byteOffset": 89688,
      "byteLength": 4296,
      "target": 34963
    },
    {
      "buffer": 0,
      "byteOffset": 93984,
      "byteLength": 18720,
      "target": 34962,
      "byteStride": 12
    },
    {
      "buffer": 0,
      "byteOffset": 112704,
      "byteLength": 18720,
      "target": 34962,
      "byteStride": 12
    },
    {
      "buffer": 0,
      "byteOffset": 131424,
      "byteLength": 12480,
      "target": 34962,
      "byteStride": 8
    },
    {
      "buffer": 0,
      "byteOffset": 143904,
      "byteLength": 17280,
      "target": 34963
    },
    {
      "buffer": 0,
      "byteOffset": 161184,
      "byteLength": 18720,
      "target": 34962,
      "byteStride": 12
    },
    {
      "buffer": 0,
      "byteOffset": 179904,
      "byteLength": 18720,
      "target": 34962,
      "byteStride": 12
    },
    {
      "buffer": 0,
      "byteOffset": 198624,
      "byteLength": 12480,
      "target": 34962,
      "byteStride": 8
    },
    {
      "buffer": 0,
      "byteOffset": 211104,
      "byteLength": 17280,
      "target": 34963
    },
    {
      "buffer": 0,
      "byteOffset": 228384,
      "byteLength": 18720,
      "target": 34962,
      "byteStride": 12
    },
    {
      "buffer": 0,
      "byteOffset": 247104,
      "byteLength": 18720,
      "target": 34962,
      "byteStride": 12
    },
    {
      "buffer": 0,
      "byteOffset": 265824,
      "byteLength": 12480,
      "target": 34962,
      "byteStride": 8
    },
    {
      "buffer": 0,
      "byteOffset": 278304,
      "byteLength": 17280,
      "target": 34963
    },
    {
      "buffer": 0,
      "byteOffset": 295584,
      "byteLength": 18720,
      "target": 34962,
      "byteStride": 12
    },
    {
      "buffer": 0,
      "byteOffset": 314304,
      "byteLength": 18720,
      "target": 34962,
      "byteStride": 12
    },
    {
      "buffer": 0,
      "byteOffset": 333024,
      "byteLength": 12480,
      "target": 34962,
      "byteStride": 8
    },
    {
      "buffer": 0,
      "byteOffset": 345504,
      "byteLength": 17280,
      "target": 34963
    },
    {
      "buffer": 0,
      "byteOffset": 362784,
      "byteLength": 18720,
      "target": 34962,
      "byteStride": 12
    },
    {
      "buffer": 0,
      "byteOffset": 381504,
      "byteLength": 18720,
      "target": 34962,
      "byteStride": 12
    },
    {
      "buffer": 0,
      "byteOffset": 400224,
      "byteLength": 12480,
      "target": 34962,
      "byteStride": 8
    },
    {
      "buffer": 0,
      "byteOffset": 412704,
      "byteLength": 17280,
      "target": 34963
    },
    {
      "buffer": 0,
      "byteOffset": 429984,
      "byteLength": 18720,
      "target": 34962,
      "byteStride": 12
    },
    {
      "buffer": 0,
      "byteOffset": 448704,
      "byteLength": 18720,
      "target": 34962,
      "byteStride": 12
    },
    {
      "buffer": 0,
      "byteOffset": 467424,
      "byteLength": 12480,
      "target": 34962,
      "byteStride": 8
    },
    {
      "buffer": 0,
      "byteOffset": 479904,
      "byteLength": 17280,
      "target": 34963
    },
    {
      "buffer": 0,
      "byteOffset": 497184,
      "byteLength": 18720,
      "target": 34962,
      "byteStride": 12
    },
    {
      "buffer": 0,
      "byteOffset": 515904,
      "byteLength": 18720,
      "target": 34962,
      "byteStride": 12
    },
    {
      "buffer": 0,
      "byteOffset": 534624,
      "byteLength": 12480,
      "target": 34962,
      "byteStride": 8
    },
    {
      "buffer": 0,
      "byteOffset": 547104,
      "byteLength": 17280,
      "target": 34963
    },
    {
      "buffer": 0,
      "byteOffset": 564384,
      "byteLength": 18720,
      "target": 34962,
      "byteStride": 12
    },
    {
      "buffer": 0,
      "byteOffset": 583104,
      "byteLength": 18720,
      "target": 34962,
      "byteStride": 12
    },
    {
      "buffer": 0,
      "byteOffset": 601824,
      "byteLength": 12480,
      "target": 34962,
      "byteStride": 8
    },
    {
      "buffer": 0,
      "byteOffset": 614304,
      "byteLength": 17280,
      "target": 34963
    },
    {
      "buffer": 0,
      "byteOffset": 631584,
      "byteLength": 18720,
      "target": 34962,
      "byteStride": 12
    },
    {
      "buffer": 0,
      "byteOffset": 650304,
      "byteLength": 18720,
      "target": 34962,
      "byteStride": 12
    },
    {
      "buffer": 0,
      "byteOffset": 669024,
      "byteLength": 12480,
      "target": 34962,
      "byteStride": 8
    },
    {
      "buffer": 0,
      "byteOffset": 681504,
      "byteLength": 17280,
      "target": 34963
    },
    {
      "buffer": 0,
      "byteOffset": 698784,
      "byteLength": 18720,
      "target": 34962,
      "byteStride": 12
    },
    {
      "buffer": 0,
      "byteOffset": 717504,
      "byteLength": 18720,
      "target": 34962,
      "byteStride": 12
    },
    {
      "buffer": 0,
      "byteOffset": 736224,
      "byteLength": 12480,
      "target": 34962,
      "byteStride": 8
    },
    {
      "buffer": 0,
      "byteOffset": 748704,
      "byteLength": 17280,
      "target": 34963
    },
    {
      "buffer": 0,
      "byteOffset": 765984,
      "byteLength": 18720,
      "target": 34962,
      "byteStride": 12
    },
    {
      "buffer": 0,
      "byteOffset": 784704,
      "byteLength": 18720,
      "target": 34962,
      "byteStride": 12
    },
    {
      "buffer": 0,
      "byteOffset": 803424,
      "byteLength": 12480,
      "target": 34962,
      "byteStride": 8
    },
    {
      "buffer": 0,
      "byteOffset": 815904,
      "byteLength": 17280,
      "target": 34963
    },
    {
      "buffer": 0,
      "byteOffset": 833184,
      "byteLength": 7200,
      "target": 34962,
      "byteStride": 12
    },
    {
      "buffer": 0,
      "byteOffset": 840384,
      "byteLength": 7200,
      "target": 34962,
      "byteStride": 12
    },
    {
      "buffer": 0,
      "byteOffset": 847584,
      "byteLength": 4800,
      "target": 34962,
      "byteStride": 8
    },
    {
      "buffer": 0,
      "byteOffset": 852384,
      "byteLength": 4296,
      "target": 34963
    },
    {
      "buffer": 0,
      "byteOffset": 856680,
      "byteLength": 7200,
      "target": 34962,
      "byteStride": 12
    },
    {
      "buffer": 0,
      "byteOffset": 863880,
      "byteLength": 7200,
      "target": 34962,
      "byteStride": 12
    },
    {
      "buffer": 0,
      "byteOffset": 871080,
      "byteLength": 4800,
      "target": 34962,
      "byteStride": 8
    },
    {
      "buffer": 0,
      "byteOffset": 875880,
      "byteLength": 4296,
      "target": 34963
    },
    {
      "buffer": 0,
      "byteOffset": 880176,
      "byteLength": 7200,
      "target": 34962,
      "byteStride": 12
    },
    {
      "buffer": 0,
      "byteOffset": 887376,
      "byteLength": 7200,
      "target": 34962,
      "byteStride": 12
    },
    {
      "buffer": 0,
      "byteOffset": 894576,
      "byteLength": 4800,
      "target": 34962,
      "byteStride": 8
    },
    {
      "buffer": 0,
      "byteOffset": 899376,
      "byteLength": 4296,
      "target": 34963
    },
    {
      "buffer": 0,
      "byteOffset": 903672,
      "byteLength": 7200,
      "target": 34962,
      "byteStride": 12
    },
    {
      "buffer": 0,
      "byteOffset": 910872,
      "byteLength": 7200,
      "target": 34962,
      "byteStride": 12
    },
    {
      "buffer": 0,
      "byteOffset": 918072,
      "byteLength": 4800,
      "target": 34962,
      "byteStride": 8
    },
    {
      "buffer": 0,
      "byteOffset": 922872,
      "byteLength": 4296,
      "target": 34963
    },
    {
      "buffer": 0,
      "byteOffset": 927168,
      "byteLength": 7200,
      "target": 34962,
      "byteStride": 12
    },
    {
      "buffer": 0,
      "byteOffset": 934368,
      "byteLength": 7200,
      "target": 34962,
      "byteStride": 12
    },
    {
      "buffer": 0,
      "byteOffset": 941568,
      "byteLength": 4800,
      "target": 34962,
      "byteStride": 8
    },
    {
      "buffer": 0,
      "byteOffset": 946368,
      "byteLength": 4296,
      "target": 34963
    },
    {
      "buffer": 0,
      "byteOffset": 950664,
      "byteLength": 7200,
      "target": 34962,
      "byteStride": 12
    },
    {
      "buffer": 0,
      "byteOffset": 957864,
      "byteLength": 7200,
      "target": 34962,
      "byteStride": 12
    },
    {
      "buffer": 0,
      "byteOffset": 965064,
      "byteLength": 4800,
      "target": 34962,
      "byteStride": 8
    },
    {
      "buffer": 0,
      "byteOffset": 969864,
      "byteLength": 4296,
      "target": 34963
    },
    {
      "buffer": 0,
      "byteOffset": 974160,
      "byteLength": 7200,
      "target": 34962,
      "byteStride": 12
    },
    {
      "buffer": 0,
      "byteOffset": 981360,
      "byteLength": 7200,
      "target": 34962,
      "byteStride": 12
    },
    {
      "buffer": 0,
      "byteOffset": 988560,
      "byteLength": 4800,
      "target": 34962,
      "byteStride": 8
    },
    {
      "buffer": 0,
      "byteOffset": 993360,
      "byteLength": 4296,
      "target": 34963
    },
    {
      "buffer": 0,
      "byteOffset": 997656,
      "byteLength": 7200,
      "target": 34962,
      "byteStride": 12
    },
    {
      "buffer": 0,
      "byteOffset": 1004856,
      "byteLength": 7200,
      "target": 34962,
      "byteStride": 12
    },
    {
      "buffer": 0,
      "byteOffset": 1012056,
      "byteLength": 4800,
      "target": 34962,
      "byteStride": 8
    },
    {
      "buffer": 0,
      "byteOffset": 1016856,
      "byteLength": 4296,
      "target": 34963
    },
    {
      "buffer": 0,
      "byteOffset": 1021152,
      "byteLength": 7200,
      "target": 34962,
      "byteStride": 12
    },
    {
      "buffer": 0,
      "byteOffset": 1028352,
      "byteLength": 7200,
      "target": 34962,
      "byteStride": 12
    },
    {
      "buffer": 0,
      "byteOffset": 1035552,
      "byteLength": 4800,
      "target": 34962,
      "byteStride": 8
    },
    {
      "buffer": 0,
      "byteOffset": 1040352,
      "byteLength": 4296,
      "target": 34963
    },
    {
      "buffer": 0,
      "byteOffset": 1044648,
      "byteLength": 7200,
      "target": 34962,
      "byteStride": 12
    },
    {
      "buffer": 0,
      "byteOffset": 1051848,
      "byteLength": 7200,
      "target": 34962,
      "byteStride": 12
    },
    {
      "buffer": 0,
      "byteOffset": 1059048,
      "byteLength": 4800,
      "target": 34962,
      "byteStride": 8
    },
    {
      "buffer": 0,
      "byteOffset": 1063848,
      "byteLength": 4296,
      "target": 34963
    },
    {
      "buffer": 0,
      "byteOffset": 1068144,
      "byteLength": 7200,
      "target": 34962,
      "byteStride": 12
    },
    {
      "buffer": 0,
      "byteOffset": 1075344,
      "byteLength": 7200,
      "target": 34962,
      "byteStride": 12
    },
    {
      "buffer": 0,
      "byteOffset": 1082544,
      "byteLength": 4800,
      "target": 34962,
      "byteStride": 8
    },
    {
      "buffer": 0,
      "byteOffset": 1087344,
      "byteLength": 4296,
      "target": 34963
    },
    {
      "buffer": 0,
      "byteOffset": 1091640,
      "byteLength": 7200,
      "target": 34962,
      "byteStride": 12
    },
    {
      "buffer": 0,
      "byteOffset": 1098840,
      "byteLength": 7200,
